4294967293,131
4294967293,130
4294967293,129
4294967293,128
4294967293,127
4294967293,126
4294967293,125
4294967293,124
4294967293,123
4294967293,122
4294967293,121
4294967293,120
4294967293,119
4294967293,118
4294967293,117
4294967293,116
4294967293,115
4294967293,114
4294967293,113
4294967293,112
4294967293,111
4294967293,110
4294967293,109
4294967293,108
4294967293,107
4294967293,106
4294967293,105
4294967293,104
4294967293,103
4294967293,102
4294967293,101
4294967293,100
4294967293,99
4294967293,98
4294967293,97
4294967293,96
4294967293,95
4294967293,94
4294967293,93
4294967293,92
4294967293,91
4294967293,90
4294967293,89
4294967293,87
4294967293,86
4294967293,85
4294967293,84
4294967293,83
4294967293,82
4294967293,81
4294967293,80
4294967293,79
4294967293,78
4294967293,77
4294967293,76
4294967293,75
4294967293,74
4294967293,73
4294967293,72
4294967293,71
4294967293,70
4294967293,69
4294967293,68
4294967293,67
4294967293,66
4294967293,65
4294967293,64
4294967293,63
4294967293,62
4294967293,61
4294967293,60
4294967293,59
4294967293,58
4294967293,57
4294967293,56
4294967293,55
4294967293,54
4294967293,53
4294967293,52
4294967293,51
4294967293,50
4294967293,49
4294967293,48
4294967293,47
4294967293,46
4294967293,45
4294967293,44
4294967293,43
4294967293,42
4294967293,41
4294967293,40
4294967293,39
4294967293,38
4294967293,37
4294967293,36
4294967293,35
4294967293,34
4294967293,33
4294967293,32
4294967293,31
4294967293,30
4294967293,29
4294967293,28
4294967293,27
4294967293,26
4294967293,25
4294967293,24
4294967293,23
4294967293,22
4294967293,21
4294967293,20
4294967293,19
4294967293,18
4294967293,17
4294967293,16
4294967293,15
4294967293,14
4294967293,13
4294967293,12
4294967293,11
4294967293,10
4294967293,9
4294967293,8
4294967293,7
4294967293,6
4294967293,5
4294967293,4
4294967293,3
4294967278,132
4294967278,131
4294967278,130
4294967278,129
4294967278,128
4294967278,127
4294967278,125
4294967278,124
4294967278,123
4294967278,120
4294967278,119
4294967278,118
4294967278,115
4294967278,114
4294967278,113
4294967278,110
4294967278,109
4294967278,108
4294967278,107
4294967278,106
4294967278,105
4294967278,104
4294967278,103
4294967278,102
4294967278,101
4294967278,100
4294967278,99
4294967278,98
4294967278,97
4294967278,94
4294967278,93
4294967278,92
4294967278,90
4294967278,84
4294967278,83
4294967278,81
4294967278,80
4294967278,79
4294967278,78
4294967278,77
4294967278,75
4294967278,74
4294967278,73
4294967278,72
4294967278,71
4294967278,70
4294967278,67
4294967278,143
4294967278,49
4294967278,48
4294967278,46
4294967278,45
4294967278,44
4294967278,43
4294967278,42
4294967278,39
4294967278,38
4294967278,37
4294967278,33
4294967278,32
4294967278,31
4294967278,30
4294967278,29
4294967278,27
4294967278,26
4294967278,25
4294967278,24
4294967278,23
4294967278,21
4294967278,20
4294967278,19
4294967278,18
4294967278,17
4294967278,16
4294967278,15
4294967278,14
4294967278,13
4294967278,12
4294967278,11
4294967278,10
4294967278,9
4294967278,8
4294967278,7
4294967278,6
4294967278,5
4294967278,4
4294967279,132
4294967279,131
4294967279,130
4294967279,129
4294967279,128
4294967279,127
4294967279,126
4294967279,125
4294967279,124
4294967279,123
4294967279,121
4294967279,120
4294967279,119
4294967279,116
4294967279,115
4294967279,114
4294967279,111
4294967279,110
4294967279,109
4294967279,107
4294967279,106
4294967279,105
4294967279,104
4294967279,103
4294967279,102
4294967279,100
4294967279,99
4294967279,97
4294967279,96
4294967279,94
4294967279,93
4294967279,91
4294967279,90
4294967279,85
4294967279,81
4294967279,80
4294967279,79
4294967279,75
4294967279,73
4294967279,72
4294967279,71
4294967279,70
4294967279,68
4294967279,435
4294967279,65
4294967279,62
4294967279,61
4294967279,59
4294967279,58
4294967279,56
4294967279,55
4294967279,54
4294967279,283
4294967279,52
4294967279,51
4294967279,50
4294967279,49
4294967279,46
4294967279,45
4294967279,44
4294967279,43
4294967279,42
4294967279,40
4294967279,39
4294967279,37
4294967279,36
4294967279,34
4294967279,33
4294967279,32
4294967279,31
4294967279,30
4294967279,27
4294967279,26
4294967279,25
4294967279,24
4294967279,23
4294967279,22
4294967279,20
4294967279,19
4294967279,18
4294967279,17
4294967279,16
4294967279,15
4294967279,14
4294967279,13
4294967279,12
4294967279,11
4294967279,9
4294967279,8
4294967279,7
4294967279,6
4294967279,5
4294967279,4
4294967279,67
4294967278,66
4294967278,382
4294967278,64
4294967278,359
4294967278,323
4294967278,61
4294967279,175
4294967278,60
4294967278,384
4294967278,59
438,2
4294967279,236
4294967278,58
4294967278,189
4294967278,252
4294967278,2
4294967278,57
766,8
4294967278,251
4294967278,56
4294967278,55
4294967278,357
4294967278,54
4294967278,402
4294967279,167
4294967278,53
4294967278,271
4294967279,53
4294967294,1472
4294967279,471
438,4
4294967278,51
4294967279,172
4294967278,50
4294967278,335
766,7
766,4
815,12
815,9
815,16
815,8
815,7
815,4
4243767290,0
4294967294,1025
4294967294,1024
4294967294,950
4294967294,947
4294967294,942
4294967294,940
4294967294,901
4294967294,899
4294967294,937
4294967294,946
4294967294,944
4294967294,943
4294967294,938
4294967294,897
4294967294,54
4294967294,896
4294967294,437
4294967294,831
4294967294,927
4294967294,60
4294967294,55
4294967294,56
4294967294,470
4294967294,461
4294967294,459
4294967294,458
4294967294,469
4294967294,952
4294967294,468
4294967294,914
4294967294,519
4294967294,61
4294967294,30
4294967294,80
4294967294,450
4294967294,449
4294967294,385
4294967294,398
4294967294,408
4294967294,411
4294967294,403
4294967294,417
4294967294,191
4294967294,451
4294967294,420
4294967294,116
4294967294,455
4294967294,111
4294967294,965
4294967294,964
4294967294,961
4294967294,921
4294967294,920
4294967294,916
4294967294,910
4294967294,906
4294967294,904
4294967294,97
4294967294,1436
4294967294,1511
4294967294,1487
4294967294,419
4294967294,1478
4294967294,425
4294967279,162
4294967279,161
4294967278,155
4294967278,262
4294967278,150
4294967278,250
4294967278,88
4294967278,36
4294967278,147
4294967294,1467
4294967279,419
4294967279,273
4294967279,446
4294967279,88
4294967279,10
4294967278,231
4294967294,1466
4294967294,1536
4294967294,1437
4294967278,304
4294967294,1434
4294967279,302
4294967294,1431
4294967279,403
4294967278,426
4294967279,155
4294967279,254
4294967294,1535
4294967294,1534
4294967279,250
4294967278,244
4294967279,242
4294967279,240
4294967278,227
4294967294,1523
4294967279,237
4294967294,1519
4294967294,1516
4294967294,1513
4294967294,1510
4294967294,1465
4294967294,1464
4294967278,209
4294967279,319
4294967294,1499
4294967294,1495
4294967279,223
4294967278,367
4294967278,315
4294967294,1488
4294967278,360
4294967279,199
4294967278,197
4294967294,1485
4294967279,462
4294967278,351
4294967279,318
4294967278,191
4294967278,386
4294967278,186
4294967279,187
4294967278,309
4294967279,186
4294967294,1481
4294967279,182
4294967279,181
4294967294,1479
4294967279,180
4294967279,386
4294967278,378
4294967279,176
4294967278,172
4294967294,1477
4294967278,377
4294967279,317
4294967279,268
4294967279,168
4294967278,289
4294967278,417
4294967278,164
4294967278,163
4294967278,375
4294967278,371
4294967278,160
4294967294,1475
4294967278,288
4294967278,431
4294967278,372
4294967279,164
4294967279,235
4294967279,133
4294967279,262
4294967279,390
4294967294,492
4294967294,491
4294967294,490
4294967294,489
4294967294,487
4294967294,486
4294967294,1426
4294967294,484
4294967294,483
4294967294,482
4294967294,1421
4294967294,481
4294967294,480
4294967294,479
4294967294,478
4294967294,477
4294967294,476
4294967294,475
4294967294,474
4294967294,473
4294967294,472
4294967294,164
4294967294,119
4294967294,189
4294967294,184
4294967294,180
4294967294,395
4294967294,967
4294967294,36
4294967294,39
4294967294,165
4294967294,112
4294967294,113
4294967294,170
4243767290,3
4243767290,2
4294967294,163
4294967294,454
4294967294,467
4294967294,1418
4294967294,104
4294967294,106
4294967294,166
4294967294,24
4294967294,175
4294967294,963
4294967294,962
4294967294,960
4294967294,919
4294967294,918
4294967294,912
4294967294,911
4294967294,908
4294967294,903
4294967294,190
4294967294,182
4294967294,176
4294967294,173
4294967294,161
4294967294,120
4294967294,524
4294967294,185
721,18
721,17
721,7
721,11
721,10
721,9
721,4
721,14
734,16
734,15
734,12
734,11
734,10
718,8
734,9
718,7
718,4
718,9
734,8
734,4
439,4
4294967294,12
4294967294,50
4294967294,81
4294967294,422
4294967294,127
4294967294,384
4294967294,1497
4294967278,274
4294967294,387
4294967294,183
4294967294,126
4294967294,18
4294967294,471
4294967294,68
4294967294,11
4294967294,160
4294967294,168
4294967294,162
4294967294,1416
4294967294,1419
4294967278,442
4294967278,435
4294967278,95
4294967278,91
4294967278,89
4294967278,87
4294967278,82
4294967278,76
4294967278,69
4294967278,68
4294967278,62
4294967278,52
4294967278,47
4294967278,41
4294967278,40
4294967278,35
4294967278,34
4294967278,28
4294967278,22
4294967279,307
4294967279,200
4294967279,98
4294967279,95
4294967279,89
4294967279,84
4294967279,83
4294967279,77
4294967279,76
4294967279,69
4294967279,63
4294967279,57
4294967279,48
4294967279,47
4294967279,41
4294967279,38
4294967279,35
4294967279,424
4294967279,29
4294967279,21
4294967279,511
4294967294,973
4294967294,970
4294967279,148
4294967294,89
4294967279,146
873,7
873,6
4294967279,466
873,5
4294967278,157
873,4
4294967279,463
873,3
873,2
873,1
4294967278,273
4294967294,1454
4294967279,143
4294967279,28
4294967278,142
4294967279,142
4294967278,141
872,4
872,3
872,2
872,1
4294967278,396
4294967294,1500
4294967294,1518
4294967294,1502
4294967294,1432
4294967294,1427
4294967294,1494
4294967278,272
4294967278,266
871,6
4294967279,253
871,5
4294967278,430
871,4
4294967279,457
871,3
871,2
871,1
4294967279,444
4294967278,138
4294967279,256
4294967278,135
4294967278,275
870,8
870,7
870,6
870,5
870,4
4294967279,282
870,3
870,2
870,1
4294967278,429
4294967279,274
4294967278,249
4294967278,268
869,4
4294967279,271
869,3
869,2
869,1
4294967279,443
4294967278,282
4294967279,246
4294967294,1546
4294967278,427
4294967279,452
868,7
868,6
4294967278,347
868,5
868,4
4294967278,264
868,3
868,2
868,1
4294967294,498
867,14
867,13
867,12
867,11
867,10
4294967279,264
4294967279,263
4294967279,252
867,9
4294967278,258
867,8
4294967279,456
867,7
4294967278,257
867,6
4294967279,510
867,5
4294967278,411
867,4
4294967279,258
867,3
867,2
867,1
4294967279,304
4294967278,369
4294967278,285
866,6
866,5
866,4
866,3
866,2
866,1
4294967278,363
865,10
865,9
865,8
865,5
865,7
865,6
4294967278,187
4294967279,395
4294967278,254
4294967278,253
4294967279,426
865,4
865,3
865,2
865,1
4294967294,1463
4294967278,248
4294967278,246
4294967294,95
4294967279,445
864,7
864,6
4294967279,474
864,5
864,4
864,3
864,2
864,1
4294967278,342
4294967294,409
4294967294,396
4294967294,1449
4294967294,1422
4294967294,407
4294967294,178
4294967294,167
4294967294,1425
4294967294,954
4294967294,488
4294967294,169
4294967294,394
4294967294,108
863,9
863,8
4294967278,171
4294967278,236
4294967279,385
4294967294,1462
863,7
4294967294,5
863,6
4294967278,126
4294967278,121
4294967278,117
4294967278,116
4294967278,112
4294967278,96
4294967278,85
4294967278,146
4294967278,63
4294967278,140
4294967278,278
4294967278,198
4294967279,118
4294967279,113
4294967279,112
4294967279,108
4294967279,101
4294967279,92
4294967279,87
4294967279,66
4294967279,64
4294967279,60
4294967279,438
4294967279,308
4294967279,2
4294967279,260
863,5
4294967279,232
863,4
863,3
863,2
863,1
4294967279,230
4294967278,245
4294967294,1545
4294967279,228
4294967278,226
4294967279,384
862,6
4294967278,224
862,5
862,4
862,3
862,2
862,1
861,8
861,7
4294967279,299
4294967279,216
4294967279,503
861,6
4294967278,213
861,5
4294967279,214
861,4
861,3
861,2
861,1
4294967278,243
4294967279,160
860,8
860,7
4294967279,442
4294967278,267
4294967294,1489
4294967294,1433
4294967294,1507
4294967294,418
860,6
860,5
4294967279,208
860,4
4294967278,352
860,3
860,2
860,1
4294967294,1461
4294967294,497
4294967278,205
859,6
859,5
859,4
859,3
859,2
859,1
4294967294,1460
4294967294,1440
858,6
858,5
858,4
858,3
858,2
858,1
4294967279,409
4294967294,1458
4294967294,1459
4294967294,955
4294967294,27
4294967294,956
4294967294,1457
4294967294,1435
4294967278,292
857,6
857,5
857,4
857,3
857,2
857,1
4294967278,265
856,6
856,5
4294967279,190
856,4
4294967278,188
856,3
856,2
856,1
4294967278,276
4294967279,440
4294967294,1456
4294967294,1514
4294967294,29
4294967294,1515
4294967294,1544
4294967294,1474
855,6
855,5
4294967279,441
855,4
855,3
855,2
855,1
4294967278,409
4294967279,439
854,6
854,5
854,4
4294967278,334
854,3
854,2
854,1
4294967278,355
4294967279,393
4294967278,241
853,6
853,5
853,4
853,3
853,2
853,1
4294967294,496
4294967278,240
852,6
852,5
4294967279,171
852,4
852,3
852,2
852,1
4294967294,1509
4294967294,392
4294967294,429
4294967294,115
4294967294,966
4294967294,402
4294967294,902
4294967294,917
851,6
851,5
851,4
851,3
851,2
851,1
4294967278,218
4294967278,298
4294967294,1543
850,7
850,6
850,5
850,4
850,3
850,2
850,1
4294967279,429
4294967279,392
849,7
849,6
849,5
849,4
849,3
849,2
849,1
848,7
4294967278,295
848,6
848,5
848,4
848,3
848,2
848,1
4294967294,28
847,7
847,6
847,5
847,4
847,3
847,2
847,1
4294967278,239
4294967294,1484
4294967294,46
4294967294,1542
846,6
846,5
846,4
846,3
846,2
846,1
845,6
845,5
845,4
845,3
845,2
845,1
4294967294,495
4294967278,356
4294967278,348
4294967279,272
844,10
844,9
844,8
844,7
844,6
844,5
4294967279,267
844,4
844,3
844,2
844,1
4294967279,239
4294967294,1455
4294967294,1442
4294967294,1453
4294967278,263
843,9
843,8
4294967279,455
4294967279,416
4294967279,453
4294967278,122
4294967278,302
4294967278,111
4294967278,330
4294967278,174
4294967278,325
4294967278,86
4294967278,320
4294967279,301
4294967279,117
4294967279,196
4294967279,86
4294967279,82
4294967279,78
4294967279,74
4294967279,286
4294967278,346
843,7
843,6
843,5
843,4
843,3
843,2
843,1
4294967278,260
4294967278,350
4294967279,269
4294967294,93
842,7
842,6
842,5
842,4
842,3
842,2
842,1
4294967279,389
4294967279,122
4294967294,1541
841,7
841,6
841,5
841,4
841,3
841,2
841,1
4294967279,306
4294967278,286
4294967294,1430
4294967294,1429
4294967294,53
4294967278,194
4294967279,508
4294967278,242
840,7
840,6
840,5
840,4
840,3
840,2
840,1
4294967278,322
839,7
839,6
839,5
839,4
839,3
839,2
839,1
4294967278,339
4294967294,1452
838,21
838,20
838,19
838,16
838,18
838,17
838,12
838,15
838,14
838,13
838,9
838,11
4294967278,415
838,10
838,8
838,5
838,7
838,6
4294967294,52
4294967294,0
838,4
4294967278,222
838,3
838,2
838,1
4294967278,238
4294967279,224
4294967294,1529
4294967278,220
4294967279,220
4294967278,235
4294967279,218
837,5
837,4
837,3
837,2
837,1
4294967279,297
4294967278,283
4294967278,424
4294967279,296
4294967278,170
4294967278,211
4294967279,212
4294967278,210
836,7
4294967279,411
836,6
836,5
836,4
836,3
836,2
836,1
4294967278,212
4294967279,404
4294967294,1490
4294967294,1517
4294967294,440
4294967294,1496
4294967294,1526
4294967294,114
4294967294,1528
4294967294,416
4294967294,1483
4294967294,1520
4294967294,494
4294967294,976
4294967278,301
4294967294,974
4294967279,397
4294967279,478
4294967294,1540
4294967294,2
4294967279,206
4294967278,204
835,6
4294967278,228
835,5
4294967279,454
835,4
835,3
835,2
835,1
4294967279,203
4294967294,922
4294967294,913
4294967279,500
4294967278,200
4294967279,477
834,6
4294967278,199
834,5
834,4
834,3
834,2
834,1
4294967294,1
4294967279,197
4294967278,195
4294967279,499
833,4
4294967278,313
833,3
833,2
833,1
4294967278,324
4294967279,195
4294967278,193
832,6
832,5
4294967279,192
832,4
4294967278,190
832,3
832,2
832,1
4294967278,0
4294967279,215
4294967294,1423
4294967294,923
4294967278,166
831,20
831,19
831,18
831,17
831,16
831,15
831,14
831,13
831,12
831,11
831,10
831,9
831,8
831,7
4294967279,209
831,6
4294967278,337
831,5
4294967279,401
4294967294,22
4294967294,17
4294967294,99
4294967294,76
4294967294,41
4294967294,107
4294967294,67
4294967279,467
4294967294,94
4294967294,96
831,4
831,3
831,2
831,1
4294967278,358
4294967294,9
4294967294,8
0,7
4294967294,45
4294967294,44
4294967294,43
4294967294,51
4294967294,26
4294967294,25
4294967294,92
4294967294,91
4294967294,90
4294967294,88
4294967294,87
4294967294,86
4294967294,85
4294967294,84
4294967278,277
4294967294,82
4294967294,42
4294967294,1504
4294967294,83
830,36
4294967279,565
830,268
830,347
830,10
830,267
830,42
830,266
830,202
4294967279,564
830,346
830,345
4294967279,563
830,265
830,128
830,344
4294967279,562
830,343
830,264
830,211
830,263
830,342
830,208
4294967279,561
830,341
4294967279,560
830,340
830,262
830,33
4294967279,559
830,339
830,338
4294967279,558
830,337
830,261
830,249
4294967279,557
830,336
830,335
4294967279,556
830,260
830,334
4294967279,555
830,333
830,259
830,258
830,29
830,332
4294967279,554
830,257
830,54
830,209
830,331
830,255
830,212
830,254
4294967279,553
830,32
830,253
830,204
830,330
4294967279,552
830,329
830,328
4294967279,551
830,327
4294967279,550
830,326
830,252
830,251
830,325
830,18
4294967279,549
830,250
830,56
830,324
830,58
830,207
4294967279,548
830,323
830,248
830,25
830,247
830,199
830,322
4294967279,547
830,246
830,206
830,321
830,245
830,0
830,203
4294967279,546
830,320
830,127
4294967279,545
830,256
830,129
830,126
4294967279,544
830,244
830,51
830,125
830,243
830,194
4294967279,543
830,124
830,242
830,241
830,200
830,123
830,196
830,240
4294967279,542
830,122
830,239
830,210
830,238
830,198
830,205
4294967279,541
830,121
830,237
830,49
830,236
830,27
830,235
830,234
830,197
830,120
4294967279,540
830,233
830,53
830,47
830,119
4294967279,539
830,232
830,45
830,118
830,231
830,195
4294967279,538
830,117
830,230
830,201
830,116
4294967279,537
830,115
4294967279,536
830,114
830,229
830,113
830,193
4294967279,535
830,112
4294967279,534
830,111
830,110
4294967279,533
830,228
830,192
830,109
4294967279,532
830,227
830,132
830,226
830,108
4294967279,531
830,107
830,225
830,15
830,224
830,106
830,223
830,9
830,16
4294967279,530
830,105
4294967279,529
830,222
830,131
830,104
830,221
830,133
830,220
830,103
830,219
4294967279,528
830,218
830,22
830,102
830,217
830,43
830,24
4294967279,527
830,101
830,216
830,100
4294967279,526
830,215
830,99
830,214
4294967279,525
830,98
830,213
830,39
4294967279,524
830,97
830,63
830,130
830,96
4294967279,523
830,95
4294967279,522
830,94
830,12
830,93
4294967279,521
830,92
4294967279,520
830,91
830,90
4294967279,519
830,89
4294967279,518
830,88
4294967279,517
830,87
830,86
4294967279,516
830,85
4294967279,515
830,84
830,83
4294967279,514
830,82
4294967279,513
830,81
830,80
4294967279,512
830,79
830,78
830,77
4294967279,437
830,76
4294967279,436
830,75
830,74
4294967279,434
830,73
4294967279,433
830,72
4294967279,431
830,71
830,70
4294967279,430
830,69
4294967279,423
830,68
830,67
830,66
830,65
830,64
830,62
830,61
830,60
830,59
830,57
830,55
830,52
830,50
830,48
830,46
830,44
830,41
830,40
830,38
830,37
830,35
830,34
4294967279,210
830,31
830,30
4294967279,205
830,28
830,26
830,23
4294967279,0
830,21
830,20
830,19
830,17
830,14
4294967279,191
830,13
4294967279,188
830,11
830,5
4294967279,185
830,8
830,7
830,6
4294967279,288
4294967278,291
4294967279,399
4294967294,1448
4294967294,1447
4294967278,181
4294967294,1446
4294967294,1445
4294967294,1530
4294967278,180
830,4
830,3
830,2
830,1
4294967279,422
4294967294,1451
829,33
829,0
829,32
829,31
829,30
829,29
829,28
4294967278,387
829,27
829,26
829,25
829,24
829,23
829,22
829,21
829,20
829,19
829,18
829,17
829,16
829,15
829,14
829,13
829,12
829,11
829,10
829,9
829,8
829,7
829,6
4294967278,65
4294967278,404
4294967279,305
829,5
4294967294,975
0,5
4294967294,7
4294967279,469
4294967294,6
4294967278,175
829,4
829,3
829,2
829,1
4294967278,255
4294967294,1444
4294967294,1522
828,141
828,45
828,42
828,140
828,139
828,138
828,137
828,136
828,135
828,134
828,133
828,132
828,131
828,130
828,129
828,0
828,128
828,127
828,126
828,125
828,124
828,123
828,122
828,121
828,120
828,119
828,118
828,117
828,116
828,115
828,114
828,113
828,112
828,111
828,44
828,40
828,110
828,109
828,108
828,107
828,106
828,105
828,104
828,43
828,41
828,103
828,102
828,101
828,100
828,99
828,98
828,97
828,96
828,95
828,94
828,93
828,92
828,91
828,90
828,89
828,88
828,87
828,86
828,85
828,84
828,83
828,82
828,81
828,80
828,25
828,79
828,78
828,77
828,76
828,75
828,74
828,73
828,72
828,71
828,70
828,69
828,26
828,68
828,67
828,66
828,65
828,64
828,39
828,38
828,37
828,36
828,35
828,34
828,33
828,32
828,31
828,30
828,29
828,28
